1wa 8666703711 . 665

verg.Aen.v1116⁷⁷ 207, 19. 324, 14. 399, 76761466. XI 230 849, 21
16. 46424 234 677,7
698 666, 27 262 76,19. 273, 31. 389,
{XI 390,6.401,17 24648, 20
26 297,32.389,16.666.6 264 389, 26 ·
38 68616 286 6161683210
114 74, 66 666 66, 66. 166, 66. 166,
137 399, 28 16. 117, 26. 399, 20
138 2218 368 306, 31
231 388,7 371 64210
“ 383 67612 374 623
427 30610 423 68216
460 308, 21 438 67, 20
613 62616 469 496, 39
614 6767 464 4616
666 ’666 66 477 7666
693 36, 6. 140, 36 640 34219
609 29, 22. 296,4 643 399, 26
610 110,24.117,16.399,20 667 307, 28
619 40, 27 686 2927
624 2210 714 6728
627 673, 21 786 34611
641 173,14.188,13 822 608, 16. 641, 31
674 6614 664 666, 67
699 623, 7. 6724 866 6620
709 40, 21 867 3327
809 308,11 890 30,14.120,3Ι
xl? 119, 20 111123 390, 3. 402, 23
64· 67,6 66 46616
161 66, 67 41 46616
108 366, 22 69 77,1
116 40,3 119 3066
149 301, 23 169 6042
176 64616 176 641, 67
mmo mm2
676 64667 664 46666
303 6726 280 47227
383 626, 26. 661, 26 329 621, 26
304 118,20.299,14.341,3 348 140, 32
463 38233 360 3129
467 6727 . 626 6217
493 29, 23. 110, 24. 11619 608 641, 28
616 466, 66. 4666 667 6666
640 477, 21 606 482, 26·
668 132, 24. 400,6 673 47226
727 484, 26 770 40, 6. 346, 30. 346, 33 1
766 646, 66 666 666, 66
’778 4027 827 3426
832 6743 887 67218
1117 28, 14. 30, 3. 111,3 906 30,14.120,3.121,36
’ 12 309, 24 919 67218
79 481, 19 Verrius Flaccus 29⁷,34
183 308, 22 Volumnius 674,1

GRAMMATICI 11471111 V.

 

