¹ ons 1115111 11111111 nr 155111151111

01551111015511115348, 31 catinus 5751 543, 1. 551, 29. fill. 1
511515 463, 18 01111511 0511151151 348, 34 638, 17. quarta conium
calesco 54, 25 caupo 347, 28 1529. 450, 10. binata-2
5111155577, 19 5111111574,20 iugationis verba 38111
5111155437, 13 55 75, 4. 13524 384, 21. 5551511111
511111515754 55115 55115 5521. 6530. 62, Graecorum 447, 17, 611
callis 575, 12. 577, 12 2. 240, 19. 370, 26. 377, 23. 612, 14. 629, aa& 151
5111551575, 3 “ 11. 382, 13. 436, 14. 640, 28
51151 577, 14 22 coniunctiones 10, 11. 21. 1.
51115 4857 celox 421, 22 ’ 7569529. 13535211.
= 51115757 5515 5551151 72,4;14. 262, 17. 495, 21. 520, 31311.
camelus 5756 40 9. rationales pro cans-¹·
51515555756 55115384, 28. 437, 26 1111524, 21. 5155111151
canalis 574, 4 cernulus 453, 33 rationalibus 73, 15; st
51555111167,9. 176, 24. 348, 5515555453, 30· coniunctivus modus 16. 11
9. 506, 19 charientismos 311, 12 551ος 14. 215, 19. 371.
cancer 575, 16 5551111536, 23 6. 510, 22. 619, 21, nt..
5115511573, 21 0111551553θό, 16424, 10 22. ρ151111551115621.1 1
5111151577,16 cinctus 573, 28 coniux 421, 26 1
51514255 a cingula 576, 17 55111115 286, 7. 287, 26 1
511155111551141,14. 164, 51515 576, 21 55151555515131557511 1
22. 199, 3. 346, 29. 418, 515 5155 467, 12 ' conparatio nominum 37.-,11.
7. 575, 18 circumllexns 15555155 32, 1. 150, 32. 318, 7. 3453,
51551515151111115573, 12 126,8 535, 45. 549, 36. 111151-
cano 434, 25. 479, 11 circus 511511155573,4 111515116532. 68, 10: 11-
5111151149,16 5115 adverbium 64, 9 249, 12. 519, 27. conpara-
capillus 574, 2 5115 uerbum 516, 14 tionis gradus 151, 18
’ Capitolium 14, 4 civitatium 11515151252422, cooperativus gradas 10, &a
5151111511. 577,4 3. 64, 30. 69,4;16. 252, 38, 26. 39, 7. 151, 32.
Caralis 349,11 1. 231,32 157, 28. 158, 4. 34217. ,
51151551162,26. 42517 51111125, 17. 274, 32 propositiv0155‚ 10111- .
51155151155155428,5.57514 5111515577,18 nus a positivo significan.-
5111115575, 22 ’ claves 1759 · 15512
5115511573, 2 clausulae 294, 20. 295, 3 conpedes 42, 23. 428, 9
carex 420, 31 51151151575,8 coopello conpellas 437, 21,
5111555577, 1 clipeus clipeum 40, 21. 163, 573, 14
Carmentis 26, 34. 198, 10 27. 574, 24 coopello conpellis 437, 23
011115 506,·-23 cloaca coacla 392, 24. „cova- conperior 431, 8
Carthago Carthagines 348,32 511397, 13 conpesce 18, 5. 55, 5. 3752
caseus 576, 10 5111515575, 23 conpitum 574, 16
5115111576, 22 5555555115 468, 28 conpleo 234, 16, 240, 33
5151151428, 5 coepi 437, 29 conpos 455, 10 ,
011151328, 16 r cognomen 35, 7. 140, 3οζ conposita a. 11511111, verba
castra 348, 10. 428, 12. 506, 141, 15. 339, 14 consonantes 26, 28. 100, 26.
27 55155 34, 8. 133, 11. 28521 108, 1
casas nominum 11, 25. 44, 5511511573, 24 555115115551151511151479,23
6. 138, 2. 170, 26. 181, 30. colum 477, 13 consuesco 55, 10. 31⁷,1
3551555512, pronomi- columna 5515151283, 11 contemplator 37, 23
unm14,10. 208,10. 51555 55151573, 29 contiguus 573, 7
obliqui 4510. 3554. 611, 55155111111576, 1 contingo contingit 525, 15.
37. casus rectns44,6. 351, 5511115759 647,8
3. 611, 37. casus septimus comedo 37, 20. 231, 27 continue continno 64, 7
12, 3.39,8.44, 16.171,21, comma 34, 7. 133, 11, 281, 5511115482, 23
183, 11. 351, 13. 55515. 22 conubium 38515752
51155551115112,5.44,17. 5511115155 syllabae 115, 26 convitium 577, 8
183, 32. 351, 17. casuales 55115478, 23 corbis corbs 551, 35. 574,11
lormae 44, 21. 171, 34. concessivae 11511115 17, 18 55111551 4554
184,12.351,21.5155151111 5515111511 577, 7 55155564, 24. 574, 13
verbis iuncti 238, 5. casi- 555οἱ35 573, 5 5511151574, 13
bns addicta nomina 172, 555151548519 551511557510
35. 187, 17 coniugationes verborum 16, cortex 159, 34. 163, 26. 291,
55115511111306, 14 23. 17, 6. 18, 9. 5514. 15. 345, 26. 5757
categoriae 622, 27 222, 15. 380, 29. 382, 34. cortina 5757
5111111284, 21. 385, 23 430, 21. 447, 15. 511, 41. coruscus 573, 16 ,

 

