INDEX RERVM tlt* vottABVLOlnvnt

a in 1 mutatum 392, 1611 660, 31. pluralis tertiae 111611243,16.644,19,111
6111111111111164, 30. 412, declinationis in is 46, 19. 163, 2. 11 1 producta nl
18 49616, 111111116132. 191, 6. 366, 20. 366, 26. correpta 63, 11. 64, 26.
graeca 39, 21. 41, 17; 23. singularis nominum grae· 66, 19. 618, 42. 11 c nd
47,31.48,3.162,12. 164, corum iu en eta11422,24. tcr 21, 30. 22. 14. 63. ll.
3217112. 422, 26, 426, 11 1 423, 13, 426, 6; 11, 246,1. 617, 7, 619. l. in
16. 496, 17. 601, 21. nen· pluralis nominum graeco ens 617, 17. in i 61841.
111 197,6. 367, 18. 636, 3, rum inas625,6;11 in im 617,16. 618. att.
657, 16. in terminatione 111116123819 atalantam. in 163.
praepositionum adverbioss aceo 437, 26. 606, 36 , 27. 64. 2. in 1 618, 411, 111
11111 coniunctionum 76, 22 1111111111111611669, 13 ns 22, 17. 617, 14 618.

16 600, 18. 637, 22 acies 36, 1 40. diminutiva 68, 242311,

· 1611111619, 32 11111111284,23.364,9. 386, 30.1111“ρ11111111166,1.111·1

1161111111(1)606,22 26 21, 16. 64, 21. 67, 6; 26,

ablativus 11, 17. 171, 12. 1111111672,10 636. 69,4; 16. 247,1,
173122, 183, 11. 188, 17. acuo 437, 26. 606, 37 618,1. numerorum in n ct
633, 2. singularis tertiae acus acula 41, 13. 48, tn. 11111 617, 22
11111111111111111 1 vel 1 12, 420, 6 1611116111169, 17. 233111
9. 38, 8. 46, 21. 268, 31. 111111111111111131,30.126,6 34. 36914
429, 27. 366, 6. 368, 21. acyrologia 293.4 11611672, 7 -

600, 21. 604, 11. 634, 2; ad 26, 11. 74, 26. 77,2. 268, 1131111131111166032661.
6. 639, 38. 667, 13. parti- 36. 273, 4 24
cipiorum 23, 41 26. plura- adaero 468, 32 Aegyptus 671. 3
lis primae declinationis 11 adiero 378, 24 aenigma 311, 6
abus 11, 14. 46, 3. 173, adipiscor apiscor 466, 22 aeolica 1113112731. 1061.
26. 188, 28. 364, 6. 427, adoptulus 463, 33 614,17
6. 633, 16. 6663311111- adsentio adsentior 233, 34. 111671, 4

· tae declinationis ia ubns 369, 14 aes 177, 33. 412. 8. 421, 16.
47, 18. 194, 12. 364, 34. adspiratio 27, 26. 28, 8, 29, 428, 31. 499, 33. 636, 31
637, 16. 663, 16. neutro· 2210726. 110, 23. 110, 1111111111111671, 10
rum graecorum in a ex· 10.117,14. 132, 28. 439, 1111111427, 28
1116111426, 17 8. 609, 1 ail‘cro adiero 78, 10. 271, :tsi

161111111600, 21. 637, 30 adsunt 618, 16 arn 287, 6. 392, 4; 12

1111111131, 28. 69, 28. 74, adtnlo attollo 606, 38 1511671, 16

· 26. 126, 34. 206, 8, 248, advena 164, 36, 189,12 agger 481. 18
3. 261, 12. 266, 24. 286, adverbium 10, 11. 20, 29, 62, aggero aggeras 481, 18
24; 30, 347, 6. 390, 24. 14. 97, 20. 134, 32. nti. agnomen 36, 7. 141, 4;16.
392, ὃς 12; 18; 26. 619, 10. 616, 20. 64616. 661, 33914
37.1111111111111111179,16, 36. adverbia pro nomini· 11169, 3. 232, 1. 377, 11.
nominum conpositornm bus 136, 37, 266, 301111 379, 20. 382, 14. 436, 11
130, 18. praepositionum praepositionibus 21, 22. 11111111111111111414166111,
78, 2. 279, 37. verborum 26,17. 64, 22. 69, 32. 31. 638, 28. 667,30
600, 22, 601, 23. 614, 31. 248, 16. 266, 6. 274, 3. 111111 alacris 669, 22
637, 7 619, 31. ex participiis 62, branstosma albensis 144.

accidentia 201,6 32. 72, 33. 243, 19. 264, 17

accusativus singularis tertiae 6. ex praepositionibus 24, 116111 468, 19
declinationis in im 192, 31. 273, 34. 279,14.111 116011611404,18.486.26
12. 366, 9; 22. 430, 7, pronominibus 243, 6, ex alc0413,b

 

