15551 5555555555 ' ’ 657

ἰη11115515552,5 3007
20, 53 1802
pro Deiotaro 7, 20 2631
in Philippicis 11 27, 67 586, 7 1

mmmmmw

1111119 154,11

Hom. od. 1 394 628, 26. 633, 37. 653, 32

mffimaeffle
mwwss
mfflfflm
12525 55015

·50555

in seeundo de finibus bonorum et maiorum Horatiis earm. 12, 7 449, 11

11 13, 39 648,5
71555. (1015111036 5703
de nat. deor. 111 10, 25 575, 5
32, 81 517, 30

m m&
m mm
mama
m mm

in primo de re publicana 620,9.644,11 05 275, 33
555558515016 5801 1015 156, 35
de iegibus tertio 620‚8.614‚9 34,3 481,11
epistulae 154, 14. ad Pansam 572, 17 · 113,6 572, 23
Cincius 349, 11* , 3,18 484, 26
01555(1)349,11 7,3 42, 21. 176, 33
claudianus589,3 , 1111,17 27530 ,
codicilli 13, 31 · 5,10 43, 9. 168, 21.
Coelius in primo 651 33 . 196, 15
Cornelius v. Nepos et Severus 8,14 107, 22
Cornificius Gallus 43,2 11, 51 555,18
(1511558717 · 233 242,7
055515555586, 14 . 25,2 40, 25·’
27, 25 484,9
Donatus nominatim appellatus 9,3;8. 12, 34. 27, 29 66,10
2019. 34,19. 50, 18. 55,2.-62,82. 96, 2037 408
14, 88, 6. 99, 26. 10019. 117, 29. 118, 111 4, 34 481, 33
18. 134, 7. 138, 16. 140, 3, 149, 24. 151, 6,43 555,18
6. 156, 1. 157, 20. 164, 18. 186, 34. 188, · 11, 24 42, 23
29. 196, 4. 199. 32. 200, 11. 206, 7. 217, epod. 2, 9 483, 29
20. 224. 30, 231, 15. 232, 17, 234. 22. 4,4 ’ 42, 23
240, 3. 243, 21, 270, 35. 27483. 278, 25. 5,] 74,8
279, 18; 28, 280, 15. 281, 20. 288, 6. 610 461,8
289, 6. 317, 4, 16. 319, 21. 320, 19125, 12, 11 467, 21
34. 323, 21. 325, 2. 326, 7. 327, 3; 141 24. 17, 18 166, 28. 176, 9
Draco 610, 39 17,48 4219
Dynamius 579, 13 17, 50 293, 28
,55153234 47019
115515520028. 584, 26, in annalibus 287, 45 454,4
29, 291, 17, 25. 297. 30. 303, 21333. 3, 66 48019
304, 4. 310, 3*; 4. 400, 9. 555, 3. 626, 5, 24 484, 28
21.651,35.1ιιΧ555511ι151645,9 in ira· 0125 4802
9557115 574, 24 8,17 400, 23
46 471,13
Fabianus 590, 17 . 076 48419
Fabius 328, 17 103 348, 26
8551555155 588, 14. 589, 30. 5905 71 467, 29
Fronto 343, 15 . 72 10016
Frontouius 580, 27 112,10 470, 22
. 4, 33 578,11
Gracchus 577,30 7, 35 481,10
ε5151,112,9 461,14
Hieronymus 3204 18,40 4708
Homerus 587, 11 79 78, 5. 280, 30
1171105 60026 111,33 477, 31
449 60027 126 481, 36
659 637, 25 2,159 4807
8264 62013 ' de art. poet. 56 512,17
Δ125 628, 26. 633, 37. 653, 32 60 3204
Ε124 624, 23 298 162, 31
Ν41 637, 26
60 62014 Ιηεσ11555155118,30.237,14;10280,
Χ 221 600,10 20. 291, ,27ς29- 294, 8. 296, 7. 310,3;4.

 

