680 INDEX RERVM ΕΤ 700460106011

43323. 449, 4. 51311. verba ro ria sin nioriim tionis 1326. 359 3. 429,
P P 6 ι
626, 10. 650, 4; 651, 14 generum 366, 27 7. 566, 7. nominum grar-
verba inaequalia 58, 31, aeminentraiia 514, 31 uorum 359, 26
59, 3. 231, 12. 378, 22 supina 430, 30 volo vis 231, 19. 436, 26 i
inchoativa 16, 27. 17, 2. 18, usurpativa 626, 26. 648, 26 437, 14; 23. 486, 20, 654, i
25325. 219,6;18. 221, veritum 6616435 17ς28*
31. 261, 4. 376, 6. 377, 5. verro 482, 7. 607,2. 629, 17. volo 66166437, 23. 486, 20
430, 23. 437, 4. 448, 24. 654, 25. 66665939
. 470, 6. 513, 4. 515, 46. vertex 593,1 vox 26, 90. 939
625, 34. 649, 31. 650, 17 verto 607,2 urceus 593, 11
inperaonalia 17, 21. 19, 29.· veru 501, 16 urgeo 72, 30 ’
54,16; 21. 58, 21. 61, 8. vescor 58, 35. 438, 16 ursus 72, 30. 593, 17
62, 12. 71, 30. 216, 10, veternum 592, 21 us finita nomina 161, 34.
230, 20. 237, 23. 241, 4. vicarius 13, 29 41310. 540, 3, 561, 21.
261,17,370,23.380,11. vicatim 517, 16 neutra 499, 11. graeca
43319. 436, 28. 515, 4. vicem 428, 27 423, 5. 424, 15
625, 6. 646, 10. 649. 26* vidua 344, 6 usque 76, 16. 273, 31
66166ιί66 16, 23. 17, 35. vigi! 355, 26. 558, 10 6169,8;28. 251, 20. 519,
219, 6. 376, 4. 430, 23, 6366593, 24 14
449, 2. 625, 27. 649, 28. viiia viia 392, 8 utar 211, 22, 566, 1
650,9 . 71616163435 - utarntrin 5932
monosyllaba 59, 4. 232, 23. vinum 42, 31. 177, 29. 346, uterque 211, 22. 508,19.
370,15 12. 427, 23. 49335. 506, 566, 1
neutra 16, 8. 55, 20. 58,7 ; 25. 536, 31. 579,9 6613931
29. 227, 83 30. 229, 21. vio (7) 637, 11 761666616168,’18.196,19
366, 2. 367, 26. 430, 29. violenter 22, 16 vulgo 476, 14
511, 26. 516, 7. 542, 31. 6616651316 661366432216316163. ,
551, 16. 627, 26. 652, 17 virus 42, 26. 352, 2. 427, 27 28. 345, 16; 31. 427, 27. i
66666461666665423. 59,3 via 192, 22. 594,1 53510. 59313 ’
nentropaaaiva 368, 19. 431, viscum 427, 27. 498, 37. 6616659328
3. 514, 41 vinoun vinni 593, 7 vnlpaa 593, 22
nominibus 66661637,19. 616666166661642828.6934 nna finita nomina 520, 26
341,1. 454, 23. 459, 31. viso 449, 7
mm imma, mmmwmni
paragoga 551, 23 vixet pro vinissit 285, 29 101201084‚11925 Ἰ
“ parasyntheia 601,5. 60327 61616496, 22 ,’ ” , ' ’ ’ ³
participalia a. participium 6166166593, 30 ¹ finit& 11061166 420, 23. 498. ’
ΜΜΜΜ6ΜΛΜΜ6ΜῙ fflffifflQffiffl
amamamummmmu 6 ’
29. 551,15. 627, 10652, 66 6616 nomina 161, 38.
w, , ΜΜ6ΜΜ 6666666
passivoneptra 431,8 umarus 593, 23. humei-un 58492061215
nonannoeane 628, 25. 633, 680, 25 , Yflflnmnomimffl, 17
’ 37. 653, 31 undo 472, 25
perfecta 17, 32. 219, 6. 220, ungo unguo 545, 23
66666661666666ω7666ᾘωᾙ6
wa mmmumoa WMM⁹
pmmffiffiffln mmanmnmffmfflst
principalia 220, 33 27. 106, 4 zeugma 301, 12. 30317
προαιρετικοὶ 622, 12 vocativus secundae deoiina· ζῶ 623, 1

 

