666 166611 6611116161

387, 38. 449, 8. 673, 31. 679, 17. 680, 131 Luc. 16616111. Vi 324 476, 10
16. 681, 3. 691, 20. 693, 1. comici 18, 21. 398 426, 28
163,17.162,16.209,18.131161143,30. 460 426, 30
’ 213,16.3166666116616601,14 684 46330
16661666113116166296, 14. 671,6. 680,17. 623 464, 26
681,6; 7. 682, 21122. 690, 13. 691, 19; 6111168 480, 27
21. 693, 7; 23. antiqui 146, 22. 176, 28. 217 664, 26
187, 6. 208, 18. neoterici 146, 21. 23236. Viii 837 414, 26
16 antiquis libris 666116 172, 26. 187, 0. ix 888 4824
artigraphi vei 61116 66161616649,28.160, 624 423,3
34162362067240326833296 720 42116
34. 607, 41. 616, 31. 617, 32. 622, 26. 6661116640, 19. 289, 7. 310, 3*. 345, 19.
1166116161 638 28. latinarum 6111661 66616 391, 1. 400, 8. 684, 24. 690, 9. 618,16
166 620, 23. 1616161616 11116 1166161116 13, 660, 32
216 antiquie artibus 141. 1216661666 1116161166 666 3
dum 6111666 183, 3216 artibus vulgaribus 184 389,16
228,18.·16 antiquo 1166161616114. 31166- 188 109,18
1661161201 6.·1661666611611611166661 137 314 693,9
38, qui 66116661661116 6136166666 201 7 11476 42, 29
6616611666611161136116148116111- 1097 162, 32
66163116221,7. (1603666300, 30. 116 1122 660, 29
..6611611161 ’ 1111111111

. 1661112,.,131141 11698 484,7
‚ ίιιή636111143,1.,.,34684278

1666661166111. 1, 34 64,14 616661, Aemilius 676, 6. 692, 20
131 476, 24 Maecenas 676, 1. 688, 21. 691,28

143 426, 24 11161116116121,6 284, 32

2162 484,30 1111138 676,1

U2ffl0 mmmmms
666

ξξὲ 4,·Ξὲ ἐξ 11166166167,11.661,11
53⁴ 497’25 Nepos, Cornelius 67612
’ ’ 1631616616 commentariis grammaticalibus

Qffgffi, mmomwmw

g ,squ 3Ὶέξῖ 0311166,Α61611116328,8

10, 317 414 20 Ovidius 676 8. 692, 27
1166 473’9 66161.,11418 6768

ωωωηὼ6ω1ωωη·1ΜΜΜ6Η
mmmmmaewoew ssfflffl28

ummmnwmffiwu mmmm

smnwwwwmuu wmmssffi
um‚n ¹ mmmm*

mmmmm

6Μωωω66666μ6 fflffifflA
mfflnmaemffi.m,8 Qfflfl
ωωωῇωηω,666 ΜΒΝ
m,wffimww · 6666
Lucanus 47, 1. 400, 23. 438, 6. 676, 66 11111237 687,1

1161613311 361633, 111181ῗὲ6ῗῇ

mm’ae xwoefflw
- iu 166 1Ὴ6166
m mu mwuwmm
1mffistmffl mmm Qu
mfflu w Qu
6666 mum Qae

333 mm V309 480,1.

11144 60,6
61 43318 Pacuvius 187, 11. 206, 28. 278, 21. 319, 32
469 428, 23 Palaemon 376,8

1v 368 483, 24 Pansa 378, 24 ’

 

