INDEX SCRIPTORVM 659

Ρ1111111111671, 17. 680, 20. 581, 17,94. 589, 683, 6, 8, 10. 584, 1, 3, 28. 585, 90.
19. 584,14. 586, 20. 589, 18. 594, 7 586, 5, 19. 587, 3⁸. 588, 9, 19, 16. 589,
Persius 111. 1, 84 480, 30 4, 8. 590, 2. 591, 6, 22, 593, 4, 22, 24.
58 4836 594,1,6
9,90 948, 22
39 471, 27 ,01116111111 111 controversia 186, 92
11 32328
19 47312 8151511578,7,13.590, 19
388 1936 ’ , “
8,5 1632 Sabinus 20, 19
'. ¹ 24 161, 24 Sacerdos 190, 24
70 421, 30 811111111122,12. 88, 92. 6311. 76, 23.

Ρ,1111111197,11.571,13 165,26.163,5.168,18. 180, 5.196,20. “

1111111111. 11, 11, 111, 11. 111, 11 666Ῐ 66· 666, 66 664 14 646. 66416.
3031331318,421,2ρ,436,16 29. 436, 5. 496, 20. 555, 9. 561, 2. 693,
Α mr ’ 1562322, 652,9.111,1111115111111111111111
fn'sspmffl' 3ῗέ 133,ἐὸ ,99 Π 111111 483, 811111011111111111511 11482, 22.

ω ,υ ,1312 u's 114 ’ 11111111111111, 1111111
3 ,m ,Μ 111111 1111

cauum 1111 ξ, 3ξῷξο

3333139· W* 33 333 33 11 11,’11.11,11.111,11.
Μ111.114,4 59, 22 555,,
111111111344 599,3 51 7314
1116. 66 166 64· 666 66 uuam 11ζ1.111,1.111,11
Puen. 13154 576,2 3 524‚24,045‚32
¹¹¹ 1414641416, 46 406 11 11,11.111,1.111,11
6. 66 618. 16 11 11, 11. 111, 11
, 6166 666166 111 111
111 1116111114 31 6631 114 203⁶
9111111111 8111151145 13. 49, 97. 50, 8. 144, Scaevola 575 24
15. 164, 19. 172, 13. 199, 36. 201, 5. 227, scholastici 168, 35
29. 293, 35. 289, 18. 292, 13111 1111111 du· 815111111 679, 90
1111 sermonis 186, 18. 560, 90 61111111,011111111588,2,98.590,1;21
Polio, Asinius 574, 6. 592, 4 91111111,1,ι,111111,11.110,·11.111,
Pompeius 917, 18. 919, 23. 826, 20 3. 583 30. 585, 9, 28
Pomponius 40, 11. 111, 11 1111115111, 11 ‹
91111115933 81011111411111111111676, 16. 677, 4, 6. 581,
Ρο1ρΙ1111111928,12,17,20 98. 582, 7, 94. 588, 12. 584, 30589, 14
Priscianus 456, 91 Sinnius Cup 110 110,1
Probus 10, 3. 20, 19. 165, 17. 189, 91. 259, Statius 226p 93 299, 96. 260, 15
97. 925, 25. 926, 21. 363, 19, 27* ,4111111111 4332
,1111111 11,11111,1.111,1 11111 111, 11
39 241,1 342 48398
11111111. 51 19318 71111141 482, 28
62 164, 93 268 481, 12
59 1931917314 898 167, 22
61 152,94 ,11389 488, 91
73 1531 , 496 1731418314
82 1733118398 111151 464, 28
111 11,11.1οο,11.111,11, 111 11111)
919, 22 424 47329
144 26310 . 532 464, 31
147 7131128312 111202 4837
180 225, 29 592 59, 15
Propertius 11324 696, 16. 651, 28 111190 479, 27
, 9397 590, 24 111142 30313
1111395 5835 901 478, 29
1111344 592,6 11694 1738
11,11 11111 111111 1111
Prudentius 572, 5. 579, 24, 26. 574, 18, 18. 389 4832
575, 22. 57312, 16, 1957315, 17 ; 21. stoici 94, 23. 195, 23. 611, 36
579, 23, 29. 580, 1, 14. 581, 1, 8, 15, 8,1111111111111584, 6. 58325 v
20, 29, 26, 89. 582, 1, 5, 9, 17, 96. 8γ111,1111111577,1“Ι

 

