INDEX schTonM

Verg. 59991. 2, 22 348, 29 Verg.9eor9.1480 , 177, 33

23 232, 33 482 30,13.121,35
54 429, 26 1147 618,17

65 119,10.399,11 12 500.2
3,1 51, 5. 53, 4. 219, 24 26 347,3

20 5732 31 589, 22

25 218, 23’ 79 519, 35

69 586, 20 193 578,4

,wfflae · 2umm ·.
assnm mmm4
&mm 2mmmmw
99 999,99,999,9.999,99 999 99,99
wms mmm
·fflffiu mstwmffim2
4,99 999,99.499,99 449 994,ι4
44mm mna
&ww mm&

99 999.9 499 999,49
Qums 5wmm

49 499,99 999 9ο9,9
999 99Μ9
'fflmffi wvffl9
9199 meu
bmfflmv 999

99 99,19.ι49,9 99 999.99

9 41 99ι,94.949,ι9 99 999,9
ssmffimmffiffl ‘lffimffl
999 mmmg
&mm 1ffiww
mmm 1mmffi
999 mmm
mamm 2ffiwm
mmmmm 2mmfflmm

f 10,1 40312 230 500, 25

12 29, 29
qeory. 1 42 400, 24
43 478, 23 ’
78 586, 25
106 66, 20. 79,6
108 591, 25
131 558.6
132 57910
138 4042
150 576,14
154 581, 30
166 592, 22
183 5921
185 59,16.233,8
, 208 5558
210 177, 33. 506, 26. 5798
232 401,16
233 57317
261 471, 23
264 592, 25
315 579, 7-
397 129, 4. 321, 31
400 5907
419 48217
434 51,1,204,4
442 275, 28. 498, 26
445 268, 29. 292,5
447 308. 21
457 36,17
460 521,11

4ssmu
mmm
999
mffim

. 299 572,’19

ffioem

999 ι99,9,999,99
999 999, 19 ·
mma

999 195‚11

· 994 9ο9,99,99ο,99
mmm

449 99999
mwm
mmm
999
4aemm
4wmm

999 449,99

momnffl4

mmm
ww&
mmm ,
999
999
mm&
wmm
mma
mmm
mm&

 

