rNDEx 5551515515

...ἡ

Aemilius v. Macer ,19οΤ94410, 61454
mmemmmer wffifflfflfflssffi

Alexander 586. 22 divin·1'nCaecil· l,l 133,1s
Ambrosius 584,7 3,7 2338

Apollonius qrammatr'our 139, 35 12 V err· ⁰01. pr· 6, 22 273, 2015 prima
Apollonius Tyrius 579, 25 notione 77, 5
Ι5515151515534, 23. 622, 27 0041110153 ²⁷5r34
Aristarchei 134,9 19,50 625‚2·646,8
artigraphi υ. incerti scriptores 24, 63 371, '20

rmmrmm 55155555 ἶ
rmmmmffl meffi

Astyagius 209, 5. 211, 8 46, 121 312, 6

Attius 187, 11.15 Andromeda 606, 38. 15 · 5213815195 tertia orr-
Bacchis 40, 16. 15 Deiphobo 485, 16 tione 245, 3. 15

Audax 317, 20. 318, 13 praetura 66, 4

Avitus 574, 4. 584, 16, 31. 591,3 , 1131573 47159

Aurelius 5. Opilius ' 42, 104 15 praetura 8151115551

Ausonius 579, 8. 582, 27. 589,6 473, 4. 15 quinta Ver-

riuarnm 69, 15

’ Bibaculus 573, 19 ΙΙΙ 18, 45 242, 5

biblia 55555 571, 3, 15, 578, 28. 579, 5, 9. 84, 194 76, 22

589, 6, 7, 11. 582, 14. 583. 4. 584, 8. lV 1, 2 15 sexta verrinarum
585, 4, 7, 586, 15. 587, 7, 9, 589, 10, 11. 153, 31

590, 6. 591,1,7. 593, 20 12, 28 47, 31. 197,17
Brutus 588, 18 · 2043 578,6
“ 24, 58 24316
Caelius 590, 21 52, 117 897, 24
Caesar in 116115 5511153155 144, 19. 197, 31. 7551551515 septimo 12, 16

199, 14. 326, 21, 27. 575, 11. 15 libro ana· V 1, 2 295,8

logiarum primo 108,9 1.3 528, 33
Caper 154, 13. 187, 10. 243, 21. 327, 15. dr 41,10715 frumentaria 52, 12.
lingua 15ιί55 175, 39 207, 31
Cato 298, 28. 297, 7. 574, 11. 576, 19. 62160 65,1

58617 555655515521, 61 49512
Celsus 375, l. 390, 6 in Catilinam 1 1, 1 183, 15. 282, 12
chartularii 13,1 2 299, 29. 300, 16
Cicero, 1117511155 26. 33. 71, 23. 111, 11, 7,16 523, 29

254, 31.. 304, 8. 305, 8. 357, 22. 373, 14. 8,1915155551151577,6.273,20
436, 6. 516,17. 517, 8. 520, 28. 556, 31. 111 2, 6 294, 12

576, 3, 12. 584, 25. 591, 8. 592, 21. 1v6,13 418,11

644, 11 dedomo 555 10, 26 306,17
5515545157 517,4 ,5585511537 624, 31645, 36

47,158 600,19.151155151155551515’ 38, 82 57411*
637, 21 15 Scauriana 144, 29

9555531168, 277 573, 29 15 Caeliana 25, 61 48,16

pro Quintio 15, 53 624, 34. 646,1 invisorem 9, 20 517, 29
msmmmrmfflwmr mmwmr

19,58 471,4 15 655 2155515555 41, 99 2345

1
1

 

