674

naevus 584, 87

441 nares 412, 4. 584, 22
Narbo 346, 5

nascor 57, 33. 439, 4
nasum 584, 24

nomina corporalia 34, 26.
143,18. 338, 18
4141144 36,10. 147,7, 341,8
deficientia casibus 138, 2.
178, 18. 186, 6

’ ’ nata natabus 189,19.633,17 deminution 36, 14. 33, 4.

nat0388,18. 483,16 41,13. 48, 12. 143, 84.
natrix 481, 16 146, 4. 16413. 198, 38.
4414 138, 9. 178, 80. 186,9 340, 88. 346, 26. 637, 8.
naufragus naviltagus 455, l¹ 649, 34. a comparativis
navis 358, 81. 430, 11 164, 38. quasi 11441144ῑί14
Navissum 346, 6 340, 87
44 adverbium et coniunctio derivativa 143, 18. 202, 4.
63, 30. 74, 86. 131, 83 848, 17. 339, 2. 340, 15.
11444444114617, 11 341, 9. 461, 31. u. verba·
nectar 499, 36 114
1141114138,7.178,8, 89186,4ρ14441144,41110041104 ge·
19. 368, 24. 550, 22. 684, nus
¹ 88 epitheta 36,14. 147,13.
negotium 584, 30 148, 16. 339, 2. 340, 8
44111460, 86 1111441, 7, 163, 34. 346, 14
osum 628 31 3411414114 37, 6. 148, 31
nemus 684, 18 341, 84
neniae 488, 11 gentis 36, 20. 147, 33. 340,
nepos 36, 1. 146, 14 1. 649, 38
Neptunalia 428, 14
nequam nequiter 68, 14
neuter 63, 18. 811, 88. 608,
38. 666, 1. nentrum 389,
8844411441 vel neutrale
889, 81
nexo485, 14
Nicostrate 93, 11 ,
41314444 660, 88
4111114617,17
nix 584, 26 12. 340, 7
114 479,1 1114111114 416 163, 34. 346,
44444 648, 88 14
1444441114 664, 87
monoptota 41 30. 45, 30.
178, 1. 413, 86. 661), 81

graeca 3515. 145, 10. 197,

3.364,16

11414144614669, 30

homonyma 36, 30. 146, 9.

341, 18

inanimalia 649, 31

¹ 111441441411434,87.143,13
338, 14. 649, 31
individua 333 3. 341, 87
14411144 sig villicationis 36,

44414 noctu 63, 16
nolo 831, 19
nometi 10, 8; 14. 34, 86. 96,

lNllEX RERVM ΕΤ VOCABVLORVM

18. 698, 19. positione plu·
ralia intellecto singularia
348,14. 660,7
nomina polyonyma 341, 80
possessiva 36, 12. 147, 7.
principalia vel primae po·
4111441436, 4; 14. 113, 16.
340, 14; 30. 649, 33
propria 34, 89. 35, 3. 139,
38, 140, 14. 339, 8; 6.
649, 25. 4144444114414
qualilitas 10, 25. 36, 19.
147, 81. 340, 5. 543, 36
quantitatis 10, 27. 36, 88.
147, 24. 340, 7. 649, 36
simplicia 11, 10349, 88
singularis tantum 1111111411
48, 14. 166, 25. 176, 36.
348, 6 487, 10. 606, 81,
660,6. 671,13; 18. 671,
8, ’18. 679, 7. 684, 10.
693,13.ρ6411141141111,411-
14116 intellectu 4141411443,
10.168,11.168,86.1711,
8. 348,13. 660,6
specialia 148, 33. 341, 25
synonyma 36, 8. 146, 9.
341, 80
11ῑ11ἐ16611ὲ449ἓέ8315., 636, 38.
1416611437, 7 149, t. 451,

31. 611, 23. 636, ’14. ver· ’

61441414143719.160,13.
341, 1. 464, 83 469, 31.
478,19

4441411414141388, 16
1141111441114444,8.170, 31.

181, 35. 199, 6. pro vora
1114 11, 38. 44, 13. 360,

88. 134, 13. 137, 1. 317,
8. 338, 10. 543, 21. 555, 8.
pro 4111411114 66, 18. 136,
37. 846, 87. 890, 80. 619,
nomina abusiva 341, 8

ad aliquid 36, 23. 148, 12.
333, 28. 543, 36

ad aliquid qualiter so lta-
1144114 36, 30. 148, 87.
339, 31

4314411114 147,13. 143, 16.
4414441114 36, 18

4111414114 649, 30

4ρρ4114111436,6. 139, 38,
338, 13. 333, 2; 26. 342,
8. 649. 30

4414144130. 4530. 47,
83. 196, 36. 497, 11. 601,
13. 633,6

660666, ’66, “1³3¹‘' 432166
10 349, 88. 606, 30. 660,9

monosyllaba 411 30. 636, 1.489, 16 ⁴
34 4444448810

44111436, 88. 146, 11 4111114460, 83. 806, 8
numerorum 36, 83. 46, 11. 444114411644411114 15, 30
148,10.178,11.186, 8. nothus31, 23. 146, 7

414, 3. 332, 4. nr, ’44 novt 44461 aas: 44 332, 1

684, 19. 649, 38

4161614148, 11 340,3. 543, 80
33 novissimus 154,13. 348, 13

participalia vel participiis nubes 584 20. nubs 561, 35
similia 22, 30. 37, 31. 68, nubo 868, 17

3. 68,33. 70,16. 71, 6; 4441444 684, 86

24. 78, 10. 149, 19. 843, 1144441387 ,
83. 866, 18. 262, 8. 263, nugigerulus 11, 13

89. 340, 30. 435, 4. 520, 13 nullos 566, 1

patriae 148, 3. 340, 8 4441444467, 3
patronymica 36,4; 21. 146, numen 584, 17

19. 341, 4 numeri 1144414141 10, 19 48.
pluralis 1441414 11414411 42, 13.166,19, 174, 18. 347,
15. 166, 25. 176, 36. 196, 38 pronominum 206, 33.
17 348, 6. 487, 88. 606, 1416414111 834 17. 379, 3.
19. 660, 6. 680, 86. 687, 618, l. 636, 21. 411111414-
21. 688, 8168910690,141444414411441111114

 

13. 437, 88. 638, 7, 664, l

