612 INDEX RERVM ΕΤ VOCABVLORVM

14441444 310, 3 invideo 612, 11. 648, 22 146444144444 286, 1; 34. 394.
111111111οΓ lgl'm' Μ’ ¹¹ llll: 111234 444 44 444 *allel 444 5
insaniens, 10 44. 444ζ 44 ’ ’ 4444444444, 44144
144444 469, 32 1414444444 dicipulus 14,6 14144382, 1. 461, 22. 628.
λ 141444 366, 33. 366, 23 ’14444608,31.614,21·. 616,6 11.663,19
1414144462, 30 iotacismus 286, 1. 394, 11 labor 44144441, 1. 400, 18.
14144144428, 8 1444 14, 33. 16, 1. 203, 4. 461, 22. 628, 11.663,19
infinitivus 16, 11. 19,23. 64, 601, 36. 641, 32. 666, 26. 1464444444682, 21
11. 212, 36, 216, 39. 216, ipsissimus 163, 11. 4444 14448, 22. 199, 10. 326, 26,
11.314,2.610,38. 62134. 396, 36 348, 20. 601, 20
644,13. passivi in ier 388, 14114114 nomina 416, 1 1444444 220, 19. 240, 9. 430.
1. 646, 30. infinitivus pro 4441431628 25
coniunctim 824, 30. 646, 14 linita 4444441444 418, 4. 634, 144144 348, 22
36. 444 gerundi modo 624, 19. 639, 38660, 12. graeca 14414 483, 21
33. 646, 1. 4441461441144 424,11 lacunar 683,-8
624, 22. 646, 31. 444 444- 14 pronomen 16, 11. 206, 19, lacus 683, 3
1141414 626, 1. 646, 6. 444 642, 3 Lamia 344, 4
nomine 16, 6. infinitivus 1444444426,11 1444144461,1
Graecorum 444 imperativo 1411 adverbium 241, 34 lapidicinae 301, 22
624,21. 44414411 verborum 141444 248,4 1441468226
Ι 444444444623,31, 141141· 114114 286, 22. 324, 1. 389,1. laqueus 683,4
114444446444444 graecorum 400,11 Lares 3444114444 606, 23
14 444414νό231 “ 1144681,4 6444411, 33
146169, 26. 232, 9. 310, 12. iubar 415, 12. 681, 1 iasar 499, 36. 668, 36
319,10; 36.382,14.436,6 iugerum 41,3. 192, 30. 193, 14146444428, 10
1444441681, 8 31. 364, 14. 426, 32. 681, 1414446, 18; 26. 138, 4. lli.
lllllllllllllli. 44, 44. sallum 551, 44 ll lgl’ ¹⁸ ω’ 13' ηδ’
66, 4. 246, 4 iugum 681, 12 14144 683, 6
inimicitiae 428,8 ium 114114 nomina 369, 18, latinitas 4943
inimicus 113, l. 181, 26 360, 36, 636, 16. 666, 16 latinus 163, 20 l
inperfectum 14444444 1441144444 1444114446, 23. 138, 6. 112, lavacrum 682, 9
41 lebam 384, 1. 639, 18 21.186,12.181,9 14141444469,10. 23326. ’
144444444114 verba 11, 21. lungo 416, 13 368, 23. 369,13. 3813.
19, 29. 64, 16; 21. 68, 21. 144 linita nomina 369, 18. 484, 26. 663, 16
61, 8. 62, 12. 11, 30. 216, 360, 36. 429, 10. 636, 16. laus 682, 6
10. 230, 20. 231, 23. 241, 666, 11. 666, 11 14414636, 13
4. 261, 11. 3111, 23. 380, 1444 δίκαιον 46, 24. 412, 8. 144144 31,8
, 11436, 19. 438, 28.616,4, 421, 21. 428, 31. 499, 32. lego legas 414, 31. 486, 14
626, 6. 646, 10, 14444444· 636, 30. 681, 6 lego legis 486, 14
444114 4444414416, 18. 64,16, ius 1444411444 681, 19 legulns 340, 19
216, 10. 310, 23. 316, 19. iustitium 462, 22 legumen 682, 19
634, 31. 646, 11 14444 iuvat 641, 24 144141 lentesco 660, 26; 31
144144 319, 23 14114114 4444144421,6.444444 144 14414444441, 10
inpotens 26,1 . 426, 21 lepus 682, 21
inquam 69, 1. 232, 1. 382, 1414 484,2
14. 436, 8. 480, 18. 629, ΗΒ Μ, 1012 ΠΟ, letum 421, 21. 681, 26
11. 444, 10 233, 4, ,0, 480· 4· 1114444, 12
insidiae 428, 8. 606, 21 k, ἆ '343’9 428 ,0 liber 581, 32
44444444, 44 111 ³⁰ ‚ · ² · 5555 44144239, 44
141441446410,13.26,12,18, ⁶⁰⁶³ ²1¹ ,0, ,6 444444 444, 4
44344, 4414443444, ζζζζζῇοξζὲοξ, 4 444444 isernias 425‚8.533,
444, ’44 4144444414 112601 ³⁰ · 4444441444444414414
praepositionibus similes 261,19
26,16 “ 1286, 34. 394, 22. gemina· 1161646821
1414444114 1414444114 324, 18 tum 283, 14. 284, 30. 324, 11441436, 21. 648, 2
interpretor 14144444144 392, 4. 392, 8. 400, 6. 1444444· lichinus 683, 16
24 situm 392, 24. 391, 16 lignum 682, 14
1411644426, 19 1 114114 nomina 414, 16. 491, lilium 583, 12
14144 intus 21,19. 64,21. 61, 38. 600, 31. 603, 20. 661, limen 682, 16
30. 248, 1. 290, 29. 291, 36 · limus 421, 26. 683, 10
31. 611, 19. 618, 2 1464444660, 22 1144444681, 28

 

