660

Terentianus 242, 33
v. 116 1099
459 291411915
1103 29. 26. 117, 23. 399 22
1160 11926
1192 11915
1317 11921
2226 121, 19329 28
7111161168, 35. 206, 21. 229, 7. 242, 34.
246, 3. 436, 10. 541, 38. 544, 27. 641, 26
[41111119 37 233, 10
4797
11931 38911
41 47.9
44 64, 24
912 46932
111919 391
1191 6912
8 15913
3. 61 136,8
914 6910
1411191101. 1 3096
10 5998. 631, 14
26 30911
192 3992
42 6933. 519, 33
47 5199
107 39, 21. 565, 23
96 50931
13 30914
951 565, 22
112, 28 5597
31 36917Ι
915 50935
1 920 23911
11194 21935
3,1 36916
lV 4, 22 468, 24
24 2393924918
919 68, 24
, 1195 56925
928 4798
99 48927
30 29916
37 45, 29173, 11.
a 18911
95 3921
3111111111. 1 30914
· 17 30922
32 392916910
191 5928
998 65923
11915 76, 21, 565, 22
26 4591
40 64920
3, 20 5924
24 497, 41
30 595 ’
32 17927
40 2498
111910 348, 27
92 56924
96, 3097
45 5910

11111811 863117011111

Ter. Eunuch. prol. 111 4, 10 50, 28

1193 45929
11111101 timor. prol. 19 637, 32
11910 25932
3. 46 5597
111918 47917
918 61917
1111111198 5911. 20921
9104 5916
114 624, 37. 6491
111945 18, 33. 597.
22927
113, 31 5912
1911111111. 28 373, 1. 38921
191 18929
915 37921
27 591, 10
51 38919
913 48924
111913 48919
111918 7912
30 6934
1193 31935
8,4 4796
25 48921
Τ111111111197 58917*
38 5893
Trogus 593, 21

1111116111577, 1

Valerius 325, 25

Valgius 5894

varro, Μ.Τ11111111 10. 6. 41, 27. 48, 23.
49, 23. 159, 23. 16913. 199, 13. 202, 3.
324, 31. 326, 25. 351, 0. 357, 23. 5199
5791921. 574, 9. 575, 10. 576, 13. 586.
17; 24. 5871 10, 14;17. 588,1;1.
5999 16 591, 26. 592, 5⁸. 593, 18. 629.
18. 654, 21. 111111111111111111111590,1.
11111111982310919111611111111
318, 32. 584, 27. ad Neronem 590, 26.“ 11
1111111 nummorum 517, 31. quaestionum
11111111111111 588, 1911 1111111572, 15.
Menippeus 11 catamito 468, 2. 1181111111
625, 1. 6496

Varro Atacinus 305. 18. 348, 11*

vfflmffimffiffimssfflm

mmmmmmffiwffi
wwwmnmmssmmffi
&mmmm
bmssomffl
mm&
amma
mmffl
191
mammam&
mm
aemwffiA·
ummo
mmm
mmm
191
mmm
mmmmm

 

